人都

亿股

万人次

亿日元

线城市	452.0	52.0	52.6404598276

号种子	354.0	40.0	39.4866170606

同比增	324.0	16.0	31.496091002

iPho	246.0	46.0	28.0712039695

年以来	168.0	28.0	17.7221995916

份报告	180.0	12.0	16.8192415585

只基金	110.0	12.0	10.2784253969

跟大家	100.0	20.0	10.0350597323

亿份	105.0	8.0	9.94805349922

家企业	79.0	19.0	8.48832483698

国公司	86.0	12.0	8.03585985573

图表当中	80.0	20.0	8.0280477858

这些假	84.0	14.0	8.01554563198

支安打	88.0	5.0	7.8341297188

排名第	78.0	18.0	7.7097452122

轮联赛	76.0	18.0	7.51205943753

而且它	72.0	22.0	7.32633589816

但实际上	72.0	22.0	7.32633589816

率水平	70.0	12.0	6.54081616164

与国际	80.0	4.0	6.51095137662

国政府	64.0	16.0	6.22145007447

重组后	72.0	6.0	6.15277948753

月以来	44.0	10.0	4.01274493144

家银行	42.0	10.0	3.83034743455

号球场	42.0	6.0	3.58912136773

国选手	42.0	6.0	3.58912136773

跟他们	40.0	8.0	3.54390293443

会出现	40.0	8.0	3.54390293443

过哪些	36.0	9.0	3.46657044187

层住宅	40.0	4.0	3.46175622688

最后一	36.0	10.0	3.2831549439

债C	40.0	4.0	3.25547568831

号球场第	38.0	6.0	3.24730028509

好正品	36.0	8.0	3.18951264099

部关于	30.0	4.0	2.59631717016

被冻结	31.0	3.0	2.58983681485

次重组	30.0	6.0	2.5636581198

年夏天	30.0	6.0	2.5636581198

号球	32.0	2.0	2.40837074077

层级达	28.0	4.0	2.27883298182

能满足	28.0	4.0	2.27883298182

名下线	28.0	4.0	2.27883298182

家老宅	27.0	3.0	2.25566432261

价下跌	25.0	5.0	2.22560503375

公司将	24.0	6.0	2.18781156417

岁以下	24.0	5.0	2.1365808324

通过兼职	24.0	8.0	2.12634176066

大家知道	24.0	8.0	2.12634176066

情况下	24.0	8.0	2.12634176066

晚间公告	26.0	4.0	2.1160591974

本公司	26.0	4.0	2.1160591974

人上双	28.0	2.0	2.10732439818

补充说	24.0	6.0	2.05092649584

同比多减	24.0	6.0	2.05092649584

较招股价	24.0	6.0	2.05092649584

