穆雷	1699	3.64043800507e-06	8.00931858186	3.00111680755
查扣	1564	3.35117424363e-06	5.00111697265	5.73319570308
红袜	1515	3.2461822117e-06	10.7000988268	3.08664664708
群雄	903	1.93485315985e-06	5.51159170283	3.01073742892
金莺	817	1.75058143034e-06	8.18994028856	3.02658507759
牛棚	552	1.18276738011e-06	6.94346359106	3.02111758157
庞某	504	1.07991804271e-06	5.00929582524	5.54911494847
拖走	446	9.55641760013e-07	5.00051320543	4.38901504512
赵敏	195	4.1782543319e-07	5.00524591842	4.47216744673
酒桶	165	3.53544597314e-07	5.13163483653	4.58180466823
金靴	130	2.78550288793e-07	5.05253543823	3.40407813575
岩峰	110	2.3569639821e-07	5.13208480161	3.4686962177
鹿岛	108	2.31411009151e-07	5.09631720168	3.47492686241
古柏	80	1.71415562334e-07	5.02980160477	4.47736529733
雷蛇	55	1.17848199105e-07	5.0458702168	4.21366068969
宿怨	50	1.07134726459e-07	6.54920663187	3.02598864875
鸬鹚	47	1.00706642871e-07	23.6461687144	3.00903402996
张翀	42	8.99931702255e-08	6.89438196485	3.09306920777
杜兰特	3050	6.73090625946e-06	17.523337482	4.5370018882
谢尔泽	240	5.29645082711e-07	16.2205539314	4.56306955112
美好生活	4542	1.38873035593e-05	21.0000618904	2.4983051214
发展机遇	3105	9.49363222186e-06	21.0005817185	3.83343891313
两个赛季	1662	5.08161570136e-06	21.3950919083	2.61787962838
帮助我们	1654	5.05715545731e-06	22.9302322614	4.15134004896
技术领域	1650	5.04492533529e-06	24.3038784392	4.43039868476
