留守	5102	1.07303671738e-05	7.53867588641	3.0089689025
尤文	4853	1.02066781448e-05	5.5491420163	3.04792664673
脑子	2480	5.21585860272e-06	5.00059331301	4.00243338863
天窗	2353	4.94875616621e-06	5.0003732375	4.30266377147
谌龙	1374	2.88975391941e-06	11.5139466792	3.26093079752
催泪	957	2.01273253339e-06	11.5413977597	3.00096116783
飞驰	503	1.05789390208e-06	5.05956896928	3.00661358872
右臂	463	9.73767150427e-07	7.87729323114	3.00141024017
小丑	418	8.79124554813e-07	5.0043468334	5.18526592143
包夹	372	7.82378790408e-07	5.96639858476	3.02172115369
盗垒	227	4.77419315652e-07	7.47675507378	3.07934033522
衣钵	143	3.00753137173e-07	10.6846580018	3.03096782505
浸水	139	2.92340462007e-07	5.0120604161	4.27568191013
赎罪	136	2.86030955633e-07	5.23521901449	3.0356015828
亲睐	111	2.33451735847e-07	5.56666410391	3.11163687071
周炜	97	2.04007372768e-07	5.09694701306	3.96960733912
逼抢	92	1.9349152881e-07	5.01180055403	3.66350036585
瓜帅	80	1.68253503313e-07	7.19293479303	3.19514824044
吹罚	79	1.66150334522e-07	5.03291716686	3.61213643096
远藤	74	1.55634490565e-07	5.00292321494	4.11889019765
魔笛	64	1.34602802651e-07	9.66743562213	3.3502090291
翠玲	44	9.25394268224e-08	7.390954328	3.50685427777
吊射	40	8.41267516567e-08	5.038445371	3.03856233608
扮演着	1697	3.68747965435e-06	17.8057446452	4.50116113258
强奸案	858	1.86438275983e-06	16.0002155356	5.11059751546
三叉戟	195	4.23723354507e-07	23.30163939	4.56726476297
