雄鹿	3630	7.9053698052e-06	11.1792259425	3.01077229297
猛龙	1145	2.49356705977e-06	7.53930838583	3.02767554702
删减	937	2.04058719214e-06	8.0050769413	3.00130637545
姜伟	881	1.91863107393e-06	8.00010636237	3.00480740033
邓肯	668	1.45476226718e-06	8.00789386116	3.10077070435
佩尔	446	9.71293370005e-07	5.00896890634	4.32291617871
宠儿	444	9.66937794355e-07	7.008388227	3.00886807663
魏锐	58	1.26311693857e-07	6.37024447266	3.74423930495
皮蓬	46	1.00178239956e-07	5.38532744084	3.45281953111
嬴政	44	9.58226643054e-08	7.71806245623	3.25
屠戮	40	8.71115130049e-08	11.6660438127	3.4711179518
铰链	40	8.71115130049e-08	11.5334048282	3.26116650308
