侧翼	995	2.09723091326e-06	9.36229155209	3.03028660668
混双	611	1.28784732462e-06	5.00885381747	3.14945087093
鸡肋	514	1.0833936577e-06	12.0430794235	3.00167847445
四缸	428	9.02125458166e-07	7.42120154027	3.00336430356
蒋晓	341	7.18749488866e-07	7.12383822283	3.00006343313
张兆	241	5.07972512659e-07	5.00188507066	3.27277072525
巨魔	113	2.38177983114e-07	5.00401348159	4.74824775415
周倩	92	1.9391481811e-07	5.01105881571	4.2098671219
多肽	66	1.39112804297e-07	6.46749492453	3.24001473385
谏言	62	1.30681725248e-07	9.37727949639	3.0925912308
羽坛	48	1.01172948579e-07	5.41775909046	3.32242761197
姆巴佩	481	1.04703303978e-06	18.0751135737	4.5350817268
何冰娇	193	4.20119286232e-07	19.4157973733	4.63140512884
轻松筹	174	3.78760392769e-07	16.035223748	4.50473265146
