球衣	3051	6.40447922434e-06	6.06742587937	3.04153249352
赢球	1715	3.60002683374e-06	5.00518177172	3.56367871509
辽篮	1286	2.69949534005e-06	8.10576206304	3.03301674837
攻占	1078	2.26287400978e-06	5.00033070949	5.49092811534
贝茨	278	5.83561201038e-07	7.46814465748	3.30329445567
皮耶	115	2.41401216257e-07	6.01970186544	3.04633968825
柯钊	79	1.65832139863e-07	11.1997325116	3.19785784755
张鹭	76	1.5953471683e-07	6.80307410566	3.0521405225
杨昊	53	1.11254473579e-07	5.37824522804	3.44643934467
长铗	43	9.02630634699e-08	8.97101052801	3.33717534112
世锦赛	4433	9.61793087451e-06	17.8745748301	4.52921845717
而牺牲	247	5.35896441688e-07	19.909245974	4.50130669024
李茵辉	56	1.21498788399e-07	18.9287865888	4.80591144813
适用法律	1650	4.96050297215e-06	22.5487363126	3.05460144947
