维奇	15619	3.35112512079e-05	8.00322897355	3.00631328187
欧冠	2532	5.43251732239e-06	6.6718500196	3.01667423312
杰森	936	2.00822915235e-06	6.85247485879	3.0305148712
折戟	820	1.75934605227e-06	12.9193328086	3.00036923366
虹口	790	1.69497973329e-06	6.52771345297	3.04416787088
佩莱	461	9.89095768413e-07	7.51276860549	3.01866666343
刀锋	385	8.26034426982e-07	7.10061867944	3.01744397792
典籍	221	4.74165216527e-07	5.00189467752	5.16694027777
韩裔	196	4.20526617373e-07	5.00012288538	3.94499289452
陆俊	179	3.84052369948e-07	5.00746628707	4.99906779382
杜锋	98	2.10263308686e-07	5.00647110048	3.98776840003
猝然	78	1.67352429363e-07	5.27694167155	3.02855623113
于旸	63	1.3516926987e-07	5.27643911139	3.26804882876
唐淼	43	9.22583905461e-08	7.9990773099	3.23685730342
尺骨	40	8.58217586475e-08	5.14855806625	3.02781824548
左脚射门	2242	6.86182066181e-06	30.9498905477	2.0026144734
贫富差距	1651	5.05301780225e-06	31.6959556695	4.66189533497
印度政府	1650	5.04995722212e-06	22.0379437781	5.78798801453
短期来看	1650	5.04995722212e-06	21.2213716367	2.94181037793
