信心	30455	6.6178837405e-05	5.00123293168	4.75336010303
雷军	2646	5.74976863483e-06	5.00377815878	5.03755262352
犀利	2570	5.58462032937e-06	8.8202673919	3.00244901941
电瓶	1251	2.71842802803e-06	5.0911209581	3.00437115008
宠儿	448	9.73505800606e-07	7.02146356496	3.0100380735
合璧	315	6.84496266051e-07	6.90312965512	3.00293286488
潍柴	282	6.12787133417e-07	11.3149707547	3.13681779671
白袜	234	5.08482940495e-07	8.11255450445	3.03702438502
争鸣	229	4.97617920399e-07	5.26453596345	3.07913157051
沃顿	185	4.02005743554e-07	5.0717621628	4.33249339327
张昊	173	3.75929695323e-07	5.49434050776	3.17291036867
尹鸿	97	2.10781389863e-07	8.25948243299	3.20299206204
女囚	92	1.99916369767e-07	5.00023876698	4.13602332144
阿奎	73	1.58629293402e-07	5.01722978783	3.21042882929
朱江洪	540	1.20548393663e-06	17.8045263631	4.50026454438
洛佩兹	180	4.01827978875e-07	19.9578326403	4.56637013016
鄙视链	148	3.30391893742e-07	20.7656411916	4.6253936386
三星电子	1661	5.13436314604e-06	21.9492250845	5.48746524439
诺维茨基	1653	5.10963412426e-06	30.4710325817	2.55507095926
风险隐患	1652	5.10654299654e-06	29.3077197492	4.71176577338
