四轮	2429	5.23975788151e-06	5.00131346152	3.39517144542
扎尔	1483	3.19907819608e-06	5.45911624869	3.04370553453
赌球	964	2.07950868579e-06	5.02820703394	5.18846464467
搜狗	926	1.9975363517e-06	8.70702755019	3.02999070204
结缘	646	1.39352967948e-06	5.00327338321	4.87545384447
拳王	263	5.6733483855e-07	5.02127743896	4.81633461963
陈耀	237	5.11248504701e-07	5.0039132626	4.24585695061
暗语	169	3.64561170019e-07	5.00133692559	3.8619027665
肉鸭	52	1.12172667698e-07	6.50054693514	4.0259300271
猪妹	45	9.70725008925e-08	5.03221614944	3.52164063634
髌骨	43	9.27581675195e-08	13.5846723563	3.21435350263
厚薄	41	8.84438341465e-08	5.53600828635	3.29744508131
抓挠	41	8.84438341465e-08	6.15914498334	4.21126073643
手掰	40	8.628666746e-08	5.52171090024	3.26466798022
潘思宁	131	2.90687363222e-07	16.1779958075	4.53833214335
居民生活	2069	6.35876324151e-06	21.0007242164	4.6015130381
安全形势	1650	5.07102916795e-06	21.9252726647	5.65805392896
