皮球	1729	3.73824496547e-06	5.00446078839	3.36111456006
小鹏	1531	3.31015213541e-06	5.0321869741	3.4639849782
欣喜	1372	2.96638062037e-06	8.45158227011	3.00148510012
超凡	555	1.19995717515e-06	5.02933287659	4.60732513197
四缸	386	8.34564810104e-07	7.33465191167	3.0211912154
佳丽	301	6.50787585081e-07	5.05564192376	5.46993223167
山岭	262	5.66466270071e-07	5.01280786218	4.36170150847
梅雨	259	5.5998001507e-07	5.00036830317	3.15806982897
郑宇	192	4.15120320052e-07	5.07350276626	3.75536713377
葬送	126	2.72422710034e-07	5.00224871996	3.50244487714
救捞	97	2.09722245026e-07	5.01582947011	3.79533035306
煤渣	64	1.38373440017e-07	5.00007637947	4.01479355716
偷瞄	40	8.64834000108e-08	7.27428798784	4.01163886042
竖条	40	8.64834000108e-08	5.12538839665	3.3613684852
老戏骨	897	1.99416338833e-06	17.2130307323	4.50849605853
麦卡锡	160	3.55703614418e-07	18.0436486221	4.51364474541
投资总额	1846	5.68360828681e-06	21.0029874354	4.30405271998
巴塞罗那	1655	5.09554264067e-06	28.221860041	4.23142103738
内幕信息	1650	5.08014825203e-06	23.608126328	4.63221251212
大病保险	1650	5.08014825203e-06	21.1396323698	5.17211557981
