红星	1835	3.9554069362e-06	5.01678356609	4.17260560524
此役	1526	3.28934658564e-06	5.55598735922	3.04723142683
小胖	280	6.03549832227e-07	5.01058126093	4.64156792722
头颈	152	3.27641337494e-07	5.00416619694	3.15278754816
雨霏	71	1.53042993172e-07	9.40292453814	3.03565451366
林书豪	1231	2.72989465793e-06	16.0420371758	5.08032946121
吸血鬼	389	8.62655582401e-07	20.3803305718	4.52937334022
帕奎奥	95	2.10674242489e-07	19.4517784196	4.67131933688
战略部署	1650	5.06810060536e-06	25.3639955529	3.85999926153
一篇文章	1650	5.06810060536e-06	23.7900233672	3.32844568894
