交付	8408	1.80871239681e-05	5.00068717024	6.36924705822
赢球	1434	3.08479255118e-06	5.00299411709	3.00152416774
欣喜	1382	2.97293117554e-06	8.44575865416	3.00248048573
删减	944	2.03071420384e-06	8.01045217911	3.02646852167
华帝	826	1.77687492836e-06	5.11019042557	4.92196609214
啥都	386	8.30355596062e-07	5.00201832133	3.96105837047
慧眼	315	6.77621794714e-07	5.14405049115	3.00263898386
斐讯	206	4.4314314194e-07	5.48087779813	4.98052386039
朗诗	175	3.76456552619e-07	5.00062538249	4.67199651464
李巍	76	1.63489702852e-07	5.12699002666	3.44075983254
许昕	75	1.61338522551e-07	5.00386199806	3.91850778046
徐炜	73	1.5703616195e-07	7.67202648786	3.1226976811
白衫	60	1.29070818041e-07	5.34387905123	4.01952933799
谭卓	41	8.81983923279e-08	6.99178252598	3.434462152
杨戬	40	8.60472120272e-08	11.9010945993	3.55851861305
漏勺	40	8.60472120272e-08	9.52767536201	3.40370808685
罗宾逊	588	1.30179827957e-06	18.4579345282	4.57689474214
捐赠人	457	1.01177179211e-06	16.0005343389	5.90653925354
三叉戟	132	2.92240430107e-07	22.8638699432	4.50707499011
事故现场	3931	1.2055085651e-05	21.0000857408	5.42887070786
证明自己	2111	6.47374352818e-06	21.0027228573	4.46548253988
竭尽全力	1651	5.06307464e-06	27.9577689705	3.88625601772
