华晨	2334	5.04041183663e-06	5.02465942344	3.09041387102
抖音	1276	2.75559790212e-06	10.3193967244	3.01940106938
砸碎	544	1.17480035952e-06	10.4492415827	3.00427090282
啥都	385	8.31430401501e-07	5.00098430984	3.95242923362
甩开	370	7.99037009235e-07	5.00776885892	4.85708986414
渡边	353	7.62324498e-07	5.08523676758	4.76450699254
玉田	307	6.62984761716e-07	5.0005007768	4.56143231735
郑洁	291	6.28431809966e-07	5.98631093022	3.06209144805
狂暴	145	3.13136125241e-07	5.00915991036	3.72278645297
哨声	81	1.74924318238e-07	5.00912437269	3.33530238557
王曦	66	1.42530925972e-07	5.01390282764	3.31184410131
葛丽	54	1.16616212159e-07	5.1661396867	3.86757432423
淑霞	45	9.71801767988e-08	8.10724809785	3.14188774338
翠苑	43	9.286105783e-08	8.11181153794	3.06217356539
遛遛	40	8.63823793767e-08	14.5825582352	3.18200581476
欣赏到	392	8.7063233878e-07	16.8350342417	4.50098370622
土巴兔	149	3.30929128771e-07	17.8946686607	4.55152555856
弗鲁姆	74	1.64354063953e-07	17.4668985082	4.56422114813
中美贸易	3405	1.04737744347e-05	21.0049392161	3.73437570518
联合举办	3246	9.98469069461e-06	23.0948733324	2.00008904261
内饰设计	1652	5.08154929991e-06	21.9553495305	2.46211427068
