爱好	7628	1.60936836703e-05	5.24696115039	3.00015980963
洛基	2241	4.72809977782e-06	5.0023700521	3.80989169855
弗拉	2034	4.29136766983e-06	6.6611549243	3.00382036332
赢球	1646	3.47275869446e-06	5.00059814309	3.41858133288
曼联	1382	2.9157670205e-06	5.04601540816	5.87831161566
扣篮	718	1.51484856781e-06	6.68032648138	3.02043502989
狂风	631	1.33129449344e-06	5.00023119399	4.03621994459
光阴	282	5.94968379002e-07	5.00759137183	4.3169406643
李琳	275	5.80199660375e-07	5.00046518988	4.15633392525
帕托	225	4.74708813034e-07	5.07865340219	4.26487921974
妖姬	78	1.64565721852e-07	11.6229994401	3.01939781317
踢倒	78	1.64565721852e-07	6.0221478575	3.06095607956
徐磊	68	1.43467552384e-07	5.18427612687	3.62437970165
吃糖	63	1.32918467649e-07	5.04170563318	4.16954149849
手痒	51	1.07600664288e-07	5.00645631544	3.90563906223
戏耍	40	8.43926778727e-08	5.33425958006	4.2389012566
羽毛球	2162	4.70993282854e-06	21.0667837431	4.50480613013
转嫁给	1028	2.23950552624e-06	17.8108723689	4.50666465794
韦世豪	278	6.05625035307e-07	16.8519723291	4.64794233868
登贝莱	257	5.59876381561e-07	17.1623334128	4.62266045011
陶醉于	82	1.78637600342e-07	16.3056630178	4.51920494685
选秀大会	4350	1.31263744842e-05	22.001789581	2.00231675295
扎克伯格	1664	5.02121543487e-06	28.1840133855	5.32305059697
