攻防	2150	4.50971108075e-06	5.66975283441	3.01465201891
拦网	1127	2.36392762233e-06	5.62980698255	3.00420178597
仰望	637	1.33613300392e-06	6.97987847408	3.00759399527
烟味	260	5.45360409765e-07	5.04391497052	4.34965318597
鱼跃	209	4.38385867849e-07	6.05051597329	3.01531832883
轻巧	137	2.87362985145e-07	5.01053296249	4.13594882275
稍慢	76	1.59413042854e-07	5.77367472975	3.10595908798
门楣	66	1.38437642479e-07	9.40405968598	3.033040206
勒芒	62	1.30047482328e-07	6.63293639653	3.30136267477
伸脚	45	9.438930169e-08	5.11584187937	3.10615735022
挨揍	40	8.39016015022e-08	13.6009627044	3.23935387217
蹬踏	40	8.39016015022e-08	11.5939766363	3.43319583873
飞踹	40	8.39016015022e-08	6.69001800039	3.69334486372
罗伯逊	164	3.55603144315e-07	16.9004088698	4.59791220878
先发投手	4268	1.28242996994e-05	21.0042988806	3.84775585951
按照国家	3794	1.14000452342e-05	21.000234811	5.11420509857
