梅西	1396	2.97933126285e-06	5.00519580144	6.06518689336
恒丰	1196	2.55249297304e-06	6.87062239213	3.01240385777
独揽	691	1.47472629128e-06	6.57338204179	3.00235316883
赌注	608	1.29758840101e-06	5.00050150603	3.86944657115
王耀	431	9.19836514532e-07	5.01466612366	4.01519633996
铜牌	370	7.89650836142e-07	6.02973294256	3.01990363838
河床	342	7.29893475569e-07	5.00805707055	5.67331931171
血拼	269	5.74097499789e-07	5.00068384512	5.05734886743
雅堂	159	3.39336440396e-07	5.00254302749	3.43129224636
腰伤	136	2.90250037068e-07	5.12099236205	3.97743888238
袁伟	117	2.49700399537e-07	5.00833691084	3.41492891421
锦标赛	2793	6.14392543262e-06	17.0740048844	4.50946017705
这座城市	2526	7.70030380991e-06	21.0006941583	4.74056730937
希望他们	1652	5.03598649801e-06	22.2027408027	4.1818209949
人寿保险	1650	5.02988966205e-06	23.500354724	3.72103530745
