黄峥	18424	3.89045324921e-05	11.1567513479	3.00084627034
禁区	11773	2.48601314063e-05	6.16780491188	3.00411223867
惊讶	4689	9.9013977885e-06	13.4552222056	3.0028415722
哈蒙	1988	4.19790548167e-06	7.65771389393	3.08468181435
申花	1402	2.96049471091e-06	5.05061842269	4.54993252712
驱使	938	1.98070188219e-06	5.0002084193	3.96633560722
剑飞	220	4.64556944651e-07	5.00297857682	3.20702704272
唐淼	201	4.24436117613e-07	10.0761814122	3.04623187842
舒坦	115	2.42836584704e-07	5.00202025979	3.31267870378
麻涌	84	1.77376287958e-07	6.36625927748	3.04367770333
拳馆	79	1.66818175579e-07	5.04059564744	4.1682775298
雏妓	72	1.52036818249e-07	14.3752321119	3.07339127987
贺惯	70	1.47813573298e-07	6.24206275723	3.03935387217
荷甲	49	1.03469501309e-07	5.08290067616	3.68199097872
木村翔	200	4.36000282607e-07	17.0933208873	4.69476653357
他们希望	1652	4.98807567598e-06	22.1640483271	5.19994090212
