保养	8865	1.86662505977e-05	5.0004532808	5.00998027553
副攻	1633	3.43846443611e-06	5.46219902292	3.00259201298
后腰	1028	2.16456916125e-06	5.0034921932	3.50694826734
李静	843	1.7750309367e-06	5.00068688491	5.25819837878
富邦	696	1.46550596909e-06	5.77111668699	3.11950386437
消遣	273	5.74832082705e-07	5.00728906916	4.80106147805
悲催	259	5.45353514361e-07	9.17825215579	3.03156523295
郑凯	220	4.63234645403e-07	5.05421863855	3.54763639746
韩聪	167	3.51637208102e-07	5.916532342	3.05082837422
卡莎	154	3.24264251782e-07	5.05045485324	3.67314088258
李晖	150	3.15841803684e-07	5.00199812203	3.9499433731
嬴政	135	2.84257623316e-07	8.4385276017	3.06474892214
栗鹏	104	2.18983650554e-07	9.44536217119	3.24643934467
唐沐	41	8.6330093007e-08	7.88826736037	3.15991095641
胯下	41	8.6330093007e-08	7.00739096169	3.71812882071
怼怼	40	8.42244809824e-08	12.7629813252	3.22502745217
迈阿密	1688	3.67137209913e-06	18.4645126359	4.50947534459
巴坎布	422	9.17843024783e-07	16.0047614253	4.50386739932
服兵役	329	7.15569561975e-07	17.0592427618	4.50072586377
博阿滕	199	4.32821710739e-07	17.9908026744	4.50749738426
吴佩慈	124	2.6969795041e-07	20.1388118903	4.66346983252
贷款业务	1916	5.77300547881e-06	21.0008544212	5.33572421071
抓住机会	1655	4.98659920012e-06	21.6714279335	4.73954375952
意味着这	1652	4.97756004749e-06	22.0202143009	3.55777131586
手机品牌	1650	4.97153394574e-06	21.2361016431	3.26827443453
