尾部	3143	6.71664851864e-06	5.00180078189	4.11715008929
克鲁	1927	4.11803426517e-06	5.83600361194	3.00531124576
李静	832	1.77799922606e-06	5.00029331999	5.26232575251
杜均	739	1.57925652411e-06	5.03187112565	4.85469099021
统帅	526	1.12407162609e-06	5.00500750048	4.05953477604
蛇形	108	2.3079797646e-07	5.01763405798	4.6954114735
麦蒂	58	1.23947061432e-07	5.03451780995	4.30110850073
沫沫	41	8.76177503228e-08	7.3924863428	3.0
急遽	40	8.54807320222e-08	11.490167682	3.80004461848
资产管理	17484	5.33515421052e-05	21.0008117851	4.72888359623
保利尼奥	1692	5.16305246179e-06	23.5735390864	4.44642939283
汉密尔顿	1673	5.10507492233e-06	30.4290481148	4.52639333058
亲戚朋友	1652	5.04099448397e-06	31.3021929329	5.25566505627
个人隐私	1652	5.04099448397e-06	22.9453940637	4.61412857037
安全配置	1651	5.03794303453e-06	22.504188811	2.43585535327
