灰熊	1779	3.88241173077e-06	10.6733165881	3.06578910119
鹈鹕	1409	3.07493992617e-06	18.7135843323	3.10428919077
遭拒	897	1.9575735371e-06	6.79921060978	3.00975954915
小丑	406	8.86036628833e-07	5.00061298072	5.18445594902
拍档	339	7.39818761513e-07	5.11918577554	3.02765368901
白袜	208	4.5393009556e-07	7.9726007969	3.25455469294
奈良	105	2.29147404008e-07	5.00334032319	3.72798210501
刀妹	62	1.35306086176e-07	5.11035068652	4.25305901644
琴键	58	1.26576661262e-07	5.01526517062	3.85904450122
雷蛇	51	1.11300167661e-07	5.02105431704	4.21366068969
灵鲲	50	1.09117811433e-07	10.8793986608	3.46132014021
曝晒	43	9.3841317832e-08	5.01048206529	3.55990000192
岩雀	43	9.3841317832e-08	6.25529567942	3.57661764491
剑魔	40	8.72942491461e-08	5.98805128602	3.18418371978
大范围	6227	1.39502546822e-05	14.0004841513	5.17768841508
松山湖	367	8.22184594246e-07	14.2738350689	4.50119845701
除此之外	10764	3.33878095791e-05	23.2528595027	2.00240786913
委托贷款	1653	5.12728067951e-06	26.0779018822	5.75161178409
