默认	1066	2.32366031256e-06	5.00239073646	5.895974214
手刹	793	1.72857657397e-06	6.16704068282	3.01430118714
它既	652	1.42122563207e-06	5.44489281655	3.00566096389
开凿	158	3.44407438446e-07	5.00515985174	4.98547015913
帕洛	81	1.76563307052e-07	5.01198175684	3.59372124513
挡拆	44	9.59109322256e-08	5.01365371749	3.86962063913
凝聚着	241	5.39388627342e-07	16.7092329564	4.50611488088
废塑料	192	4.29720400206e-07	17.81796954	4.55916551059
需要支付	1652	5.11943802305e-06	22.5510145784	4.96740035202
运营模式	1650	5.11324015619e-06	23.9588493024	4.33202953881
