包围	3237	6.80070401174e-06	5.0021742043	5.5553624201
滑冰	1486	3.12197904277e-06	7.85644276141	3.01476614473
风潮	1185	2.48959970773e-06	5.00016142795	5.94918808012
雷兹	552	1.15971226892e-06	5.46930345487	3.0283768056
暴君	414	8.69784201686e-07	6.3832936474	3.06234086674
张琳	345	7.24820168072e-07	5.00054341353	5.01426657345
紫阳	216	4.53800453054e-07	5.00340103559	3.75239641635
耀斑	173	3.63460548048e-07	9.20065435614	3.02863524841
孔凡	71	1.49165889661e-07	5.64428282706	3.00872125162
卷纸	55	1.15551041287e-07	5.00007279363	4.38490438607
拳坛	54	1.13450113263e-07	5.27777903174	3.0305179697
饮恨	40	8.40371209359e-08	6.10811257395	3.56977383503
讹称	40	8.40371209359e-08	5.78819537699	4.53266527994
游骑兵	458	9.94359849811e-07	17.3792206723	4.53089455227
干脆就	359	7.79421803673e-07	16.0007604399	4.86230915571
雅典娜	236	5.12377564531e-07	19.5394494185	4.51307691493
麦当娜	194	4.21191726776e-07	16.0001754674	4.7525266622
