落败	1183	2.54821732295e-06	5.2363367033	3.00075600409
惊魂	774	1.6672191107e-06	9.77016991645	3.01298192904
梯形	408	8.78844182387e-07	5.01133460569	3.53932500598
捧起	334	7.19445972836e-07	5.02156503034	3.63865077048
灌醉	104	2.24019105314e-07	9.24251922234	3.04415230297
手肘	98	2.11094926162e-07	5.00877615527	3.87999121463
飞吻	67	1.44320000539e-07	5.02348039095	3.62900783421
圈仔	52	1.12009552657e-07	5.16355816979	3.15074737429
瓦罐	45	9.69313436456e-08	5.00028446831	3.50712735218
狠辣	40	8.61611943517e-08	8.84905011416	3.30543535759
蕾哈娜	163	3.61266874452e-07	21.5084228505	4.58130638467
熊朝忠	98	2.1720339691e-07	18.6076777013	4.53097971474
绝大部分	5837	1.79190261343e-05	21.0001635434	5.87602114017
加征关税	1653	5.07455031694e-06	23.075852586	3.33284605806
