湾区	4828	1.05041805409e-05	5.00090290016	3.39613330841
唐爽	351	7.63663498315e-07	8.77010315583	3.05091096159
防癌	215	4.67771088712e-07	5.03566186518	3.49669669281
途昂	183	3.98149345275e-07	5.7406707383	3.00568835434
凤梨	112	2.43676102027e-07	9.84327329907	3.15014938315
填坑	65	1.41419166355e-07	7.16820314271	3.00311254216
纱巾	61	1.32716448425e-07	10.9145699382	3.11351014927
吴曦	53	1.15311012566e-07	6.77228828565	3.78875491399
佛陀	41	8.92028587776e-08	8.2826484592	3.72872444527
脚腕	40	8.70271792952e-08	6.98732115508	3.51440934525
玻璃杯	231	5.16204009214e-07	22.6285532483	4.5623320217
非法集资	4393	1.35927944587e-05	21.0071925766	5.7046156848
淋漓尽致	1855	5.73972996152e-06	39.6408743778	2.0047705384
网络诈骗	1686	5.21681116718e-06	29.6636131256	2.88561165298
刚刚开始	1651	5.10851437545e-06	25.0505070277	4.38376292196
优胜劣汰	1651	5.10851437545e-06	34.7299592084	3.6730333765
证明材料	1650	5.1054201814e-06	25.1242590419	5.04394816483
