众多	27706	5.89738867669e-05	5.00056869391	6.21972577252
橙色	2667	5.67686984795e-06	10.0426884249	3.00321886192
遇见	2099	4.46784769811e-06	5.00225165331	6.11915234995
被偷	1361	2.89697032736e-06	5.00014166666	4.36314377618
哈密	756	1.60919145296e-06	5.00431167756	4.81255577706
黄衫	661	1.40697824128e-06	8.37772350643	3.04274982415
暴扣	471	1.00255181792e-06	5.84069814109	3.01430388136
陈振	461	9.81266216688e-07	5.00076742325	4.00312917342
击溃	312	6.64110758366e-07	7.24060312758	3.00054381077
陈秋	309	6.57725077997e-07	5.04218975668	3.67036027912
贬低	294	6.25796676152e-07	5.01970902543	5.80838094656
光阴	279	5.93868274308e-07	5.00126695655	4.3255029272
卤素	203	4.32097704962e-07	9.84940648015	3.01489060001
中央财政	4363	1.32738737213e-05	21.0006114081	5.60988653505
季度财报	2325	7.07351739676e-06	22.2070986517	2.00439481124
安全气囊	1653	5.02904269112e-06	26.5783572702	5.63688757714
角度来讲	1650	5.0199155719e-06	23.4651842157	3.25246372613
