月初	20081	4.24405851041e-05	5.00050679712	3.42037078561
洛基	2224	4.70035661927e-06	5.00001705698	3.79165955117
外墙	1605	3.39211887317e-06	5.00420203194	6.110715402
诉诸	1370	2.89545349299e-06	6.60930293288	3.00436479079
张楠	1306	2.760191432e-06	7.1982831393	3.08516038952
鲁尼	890	1.88098803559e-06	5.83929208418	3.0386760587
爱笑	540	1.14127363957e-06	5.12524359613	3.00202788983
瓦尼	465	9.82763411853e-07	5.00555622367	4.10271172963
击剑	338	7.14352759583e-07	5.25137244084	4.8134042648
丁宁	325	6.86877653445e-07	5.01990941046	4.88713953923
闭嘴	159	3.36041682762e-07	7.26358256354	3.02598864875
李珊	158	3.3392821306e-07	5.49197592482	4.21114189781
旋涡	157	3.31814743357e-07	9.96388005556	3.03450075599
抗癌药	825	1.79975732072e-06	20.3489854	4.50849209596
花木兰	545	1.18893059369e-06	16.4262878951	4.51126220339
聚丙烯	230	5.01750525777e-07	25.967039815	4.51308693408
技术水平	1654	4.99723513011e-06	22.4584313599	5.3934124261
最终确定	1650	4.98514991819e-06	21.6661048438	5.6844817534
密苏里州	1650	4.98514991819e-06	26.0482478261	3.23090717236
