心态	10861	2.31488320127e-05	5.0004889732	4.58599102046
犯规	8079	1.72193549241e-05	5.25871948134	3.01984106997
青训	872	1.85855644186e-06	5.00974977219	3.79738887322
先兆	252	5.37105760722e-07	5.00938455927	3.42486348387
龙狮	99	2.11005834569e-07	5.05389153465	3.05723137685
李彤	87	1.85429369773e-07	5.0265429544	3.045393971
戳心	69	1.47064672579e-07	5.0071731274	3.02598864875
晃眼	40	8.52548826542e-08	5.62950778491	3.04904096842
德罗赞	747	1.64146023916e-06	16.0619151683	4.92554228405
人民医院	9069	2.76186648161e-05	21.0028797202	3.981042014
