表现	86363	0.000182718797869	5.01623615982	6.52423133593
房企	38213	8.0847509037e-05	5.01331196176	5.89707985992
见证	8696	1.83981874908e-05	5.00349623049	4.90816752436
税费	8087	1.71097219685e-05	5.00067860799	5.61775343399
拉夫	5965	1.26201918563e-05	5.93784754363	3.00756885162
鲁能	5633	1.19177771545e-05	5.16418797042	5.37768141884
薄弱	5446	1.1522139958e-05	11.9443755015	3.00791233878
足协	4108	8.69132408144e-06	5.35313411861	4.63428334993
波尔	3001	6.34923650643e-06	5.02124759044	4.71481386932
取胜	2813	5.95148360299e-06	5.03331704437	3.77500077252
李楠	2318	4.90420867107e-06	8.34313138953	3.04045502159
小丁	2279	4.82169610068e-06	5.01880204534	4.35085333809
弗莱	2077	4.39432330018e-06	9.15042442272	3.01697430711
扬基	2076	4.39220759325e-06	5.08328225821	4.2898437088
捕手	2073	4.38586047245e-06	5.06381470302	3.04296572392
小熊	1829	3.86962798076e-06	5.04704937958	4.10430257951
争冠	1799	3.80615677276e-06	5.88606653616	3.15717873667
生殖	1774	3.75326409943e-06	5.0024035389	4.02961627346
莹莹	1681	3.55650335465e-06	12.1253634071	3.01554599349
演戏	1647	3.48456931892e-06	5.00407710169	5.90804384643
官僚	1637	3.46341224959e-06	10.0500156081	3.00402198459
冰壶	1304	2.75888184085e-06	11.677178419	3.27117131022
主宰	1275	2.69752633978e-06	6.55715411349	3.08745365344
名宿	1259	2.66367502885e-06	5.0087267228	3.52800773159
击杀	1072	2.26803783235e-06	5.00095576522	6.38447527855
坎特	707	1.49580480175e-06	5.54611305221	3.08470153254
抓拍	698	1.47676343935e-06	5.04244389076	5.13646038788
战袍	621	1.31385400549e-06	8.55744360354	3.02664869427
贝莱	519	1.09805189831e-06	6.28882491175	3.25557415085
难忍	467	9.88035137788e-07	5.49519591217	3.00337249803
武磊	379	8.01852927669e-07	6.37017820563	4.51910071542
敲钟	360	7.61654495939e-07	7.02661878832	3.03852254697
曼尼	357	7.5530737514e-07	5.11477973825	3.60313415079
孤身	343	7.25687478075e-07	5.19271628816	3.01862680174
佳丽	311	6.57984856214e-07	5.01997377047	5.5184500429
贾奇	283	5.98745062085e-07	5.02328812943	3.5527073865
牛牛	266	5.62778044222e-07	5.45221263856	4.43452548924
杜丽	255	5.39505267957e-07	5.38689376058	3.37385658957
埃塔	211	4.46414162898e-07	5.04054258229	3.24642426937
王帆	199	4.210256797e-07	5.32317940549	3.10353928927
喷油	187	3.95637196502e-07	5.18856036643	3.20357775709
飞翼	181	3.82942954903e-07	5.2646106424	3.36318865799
暗语	179	3.78711541036e-07	5.07081680537	3.87053238144
戈丁	158	3.3428169544e-07	6.78389296842	3.38478016252
晓晴	122	2.58116245846e-07	6.97574574956	3.09341273602
扛住	102	2.15802107183e-07	5.05855122461	3.84991366539
颜妮	71	1.50215192255e-07	7.62641317842	3.05317350955
摆烂	69	1.45983778388e-07	7.02353694559	3.11555713472
晓倩	63	1.33289536789e-07	6.87440883728	3.0405410674
异宠	57	1.2059529519e-07	5.6547650226	3.28786378089
瓦罐	55	1.16363881324e-07	5.26123002109	3.41567348962
泳坛	55	1.16363881324e-07	6.35873925928	3.14923619486
痞气	53	1.12132467458e-07	6.97773930827	3.02108482266
邵婷	52	1.10016760525e-07	8.11187160789	3.23592635063
回怼	52	1.10016760525e-07	5.04799189466	3.28137340941
佳怡	50	1.05785346658e-07	5.64317225787	3.05743294744
雅痞	49	1.03669639725e-07	9.4933696991	3.62336827119
翟逸	45	9.52068119924e-08	7.83265806846	3.02205520887
蛋卷	45	9.52068119924e-08	5.47994594389	3.49684979244
蹴鞠	45	9.52068119924e-08	13.5234890301	3.01530223504
瞅瞅	44	9.30911050592e-08	15.8051608613	3.72290749432
崔浩	41	8.67439842597e-08	5.47488183373	3.57246945877
翠萍	41	8.67439842597e-08	7.76335161653	3.17307583854
戴维斯	3967	8.66146017206e-06	17.5927628647	4.52970584219
校园贷	2210	4.82526518282e-06	16.0160498006	5.83182651121
考辛斯	1779	3.88422930327e-06	16.0273069079	5.51771049794
苏炳添	1000	2.18337791078e-06	24.0365324451	4.54644946383
买彩票	844	1.8427709567e-06	16.0022673562	5.17855170692
休斯顿	611	1.33404390349e-06	16.0274285061	5.09849096956
皮埃尔	516	1.12662300196e-06	17.1196836835	4.50726242069
扎哈维	450	9.8252005985e-07	16.6418113122	4.55797126544
伊瓜因	378	8.25316850274e-07	16.3514510208	4.96997290903
牢牢地	238	5.19643942765e-07	16.0340261924	5.18763984843
加盟湖人	3431	1.03739646445e-05	22.8403755242	2.04618939054
警方调查	3055	9.23709180671e-06	21.0042078818	4.89047071932
佛罗里达	2314	6.99660570892e-06	27.0532609006	2.02976514566
政策实施	2166	6.54911320895e-06	21.0102611245	4.65453404883
驾驶汽车	1810	5.47271233066e-06	23.2190784827	2.12187233227
世界冠军	1708	5.16430533744e-06	26.7081762	4.72266711144
设计理念	1675	5.06452660434e-06	22.5086469708	4.13663278588
全明星赛	1661	5.02219623272e-06	21.9905670236	4.63602269307
可想而知	1657	5.01010184083e-06	21.3248509921	3.8302395853
城市住宅	1656	5.00707824285e-06	22.6725391114	3.06561887845
更倾向于	1656	5.00707824285e-06	23.610828118	5.97756722569
冬残奥会	1653	4.99800744894e-06	28.7763928228	2.54665297644
记者询问	1652	4.99498385096e-06	22.2153016955	3.21712276846
信息泄露	1652	4.99498385096e-06	27.9828209686	4.53054007357
真实身份	1651	4.99196025299e-06	21.9999340218	3.54279138275
坚实基础	1650	4.98893665502e-06	23.914675161	2.25073575183
临床试验	1650	4.98893665502e-06	29.5834804564	5.55287651757
签订合同	1650	4.98893665502e-06	24.2205518876	4.14641705294
