切尔	5088	1.08875702865e-05	5.78781059337	3.01680476664
哈佛	2637	5.64279143975e-06	8.58973748376	3.00425504306
首秀	2252	4.81894816925e-06	5.00641024688	5.18736239621
载客	1844	3.94588828779e-06	5.01477584656	4.99417579442
答疑	1089	2.33029953655e-06	5.50127343271	3.0097996425
锦州	827	1.76965814208e-06	5.00280275587	4.64945980191
结缘	652	1.39518392822e-06	5.00047106562	4.89397729502
嘀咕	281	6.01298594831e-07	17.8994559758	3.01821514099
烧香	264	5.6492109977e-07	5.00437000319	4.10722788499
羊角	210	4.49369056635e-07	5.00093200129	4.3966166988
拙劣	194	4.15131414225e-07	13.0063766949	3.00129049167
赛暨	173	3.70194508562e-07	5.08881799399	3.2368613489
韩聪	88	1.88307033257e-07	5.01698805156	3.1367345482
吴晗	43	9.20136639777e-08	6.64199000864	3.50738010242
釉料	43	9.20136639777e-08	7.17563960439	3.30213908207
鲁恺	43	9.20136639777e-08	7.25107393216	3.16420804758
场热身赛	2080	6.35333285441e-06	23.4519903359	2.01392294106
东风小康	1668	5.09488423133e-06	23.3467116084	3.87439755273
广州恒大	1655	5.05517590098e-06	23.2620591118	3.6399298803
变动情况	1654	5.05212141404e-06	21.2081510122	3.52139699328
越来越强	1652	5.04601244014e-06	22.3161286874	2.45353603631
