男篮	13159	2.87457438758e-05	9.09185361458	3.01168559126
制订	3954	8.63748546886e-06	5.00040111256	6.57131401306
集训	2993	6.53818766017e-06	5.00680493777	3.62843452539
承压	1776	3.87965963397e-06	5.00106994359	4.20831069637
阿扎	793	1.73230297845e-06	5.2176047932	3.10837049745
爆冷	537	1.17307276095e-06	5.76164480683	3.11474603942
狱警	523	1.14248985843e-06	5.00022291411	5.09185252513
冰凉	406	8.8690417308e-07	7.9844373837	3.02354712313
河涌	219	4.78403975134e-07	5.01066384688	5.33231270804
浸水	137	2.99275546089e-07	5.00366877804	4.26330460244
李昊	100	2.18449303714e-07	5.02345146533	4.43136079673
拧巴	93	2.03157852454e-07	7.83576331137	3.08307418943
王蔷	71	1.55099005637e-07	8.6107857169	3.13968714664
傻逼	66	1.44176540451e-07	8.8040326343	4.04576567323
莎娃	64	1.39807554377e-07	7.64461696957	3.89248665057
瑟姆	62	1.35438568303e-07	6.57504547283	3.0189403397
科技园	2557	5.73299259821e-06	14.3548458205	4.50226129722
齐刷刷	187	4.19268523999e-07	20.4158079334	4.5093822984
姑娘在	108	2.42144388192e-07	15.1978645246	4.55748508324
安全标准	2056	6.38224882536e-06	21.0000195629	4.20937428931
