早期	8719	1.87319082481e-05	5.00021911745	6.14493787176
谢尔	2525	5.42471250447e-06	5.77872274927	3.01059527383
意甲	2248	4.82960542972e-06	5.50539011318	3.04147266597
皮球	1811	3.89075419628e-06	5.03850960255	3.46208912557
哈维	1279	2.7478048686e-06	5.00466183915	4.98240089266
拼图	629	1.35134422389e-06	5.08467792043	3.00859884844
李秋	543	1.16658173859e-06	5.09739224465	3.02390743409
这幢	452	9.71077248325e-07	5.00141063904	3.68826106106
坎普	402	8.63657198732e-07	6.28770427863	3.0168604254
杨旭	378	8.12095574927e-07	6.54944052745	3.10030474435
呼呼	330	7.08972327317e-07	5.44485156209	3.01483884324
王楠	246	5.28506644e-07	5.04668336518	5.28996197208
胡洁	158	3.39447356715e-07	5.13246751837	3.77632317364
狂暴	146	3.13666544813e-07	5.00409096315	3.71889390048
晚霞	114	2.44917713073e-07	5.00191081374	4.48266859342
陈彬	108	2.32027307122e-07	5.0591104234	4.32322070315
匀称	99	2.12691698195e-07	5.80814975799	3.07619563881
驼峰	76	1.63278475382e-07	8.1847639879	3.02499036818
千珏	50	1.07420049593e-07	7.96828049003	4.04729909843
獠牙	42	9.02328416585e-08	13.6952806944	3.0697358013
盲僧	41	8.80844406666e-08	9.05254123968	3.51602764127
靳伟	41	8.80844406666e-08	6.75772988827	3.04144607117
乌贼	40	8.59360396748e-08	6.90746932425	3.21704270911
掏钱买	157	3.47222878026e-07	17.1287140899	4.50737218704
超级巨星	1653	5.06419006429e-06	26.802505817	2.68722495574
董事长李	1650	5.05499915673e-06	22.7603454483	4.45600353709
